

====================================================== 05-May-2024 05:10:13 
	 Simulation: Design 1

MSE
Group 	Linear_t 	Probit_t 	Linear_est 	Probit_est
  200	2710.46 	168139.32 	3094.09 	291167.35 
  400	1567.27 	2498.30 	 741.76 	1566.72 
  500	 720.74 	 765.76 	 679.73 	 642.41 
  800	 325.74 	 360.43 	 288.04 	 319.61 
 1000	 259.55 	 287.12 	 225.69 	 250.65 
 2000	 121.32 	 130.04 	 104.22 	 111.75 
 5000	  45.97 	  48.65 	  40.03 	  42.58 
10000	  22.61 	  23.99 	  19.59 	  20.80 
MAE
  200	  59.84 	  88.79 	  58.62 	  90.81 
  400	  39.22 	  43.32 	  37.05 	  41.17 
  500	  34.10 	  36.58 	  32.31 	  34.48 
  800	  26.01 	  27.22 	  24.53 	  25.70 
 1000	  23.41 	  24.51 	  21.95 	  22.98 
 2000	  16.26 	  16.73 	  15.07 	  15.54 
 5000	  10.09 	  10.34 	   9.44 	   9.69 
10000	   7.13 	   7.30 	   6.62 	   6.79 
Coverage
  200	   0.98 	   0.95 	   0.97 	   0.95 
  400	   0.97 	   0.95 	   0.97 	   0.94 
  500	   0.97 	   0.95 	   0.96 	   0.94 
  800	   0.96 	   0.95 	   0.96 	   0.95 
 1000	   0.96 	   0.94 	   0.96 	   0.95 
 2000	   0.95 	   0.94 	   0.95 	   0.95 
 5000	   0.95 	   0.95 	   0.95 	   0.95 
10000	   0.95 	   0.95 	   0.95 	   0.95 


	 Simulation: Design 2

MSE
Group 	Linear_t 	Probit_t 	Linear_est 	Probit_est
  200	  44.91 	  42.19 	  31.01 	  29.56 
  400	  22.41 	  21.38 	  14.18 	  13.73 
  500	  17.75 	  16.94 	  11.34 	  11.06 
  800	  11.12 	  10.66 	   6.97 	   6.81 
 1000	   8.86 	   8.57 	   5.52 	   5.44 
 2000	   4.44 	   4.31 	   2.72 	   2.67 
 5000	   1.73 	   1.69 	   1.07 	   1.06 
10000	   0.88 	   0.87 	   0.53 	   0.53 
MAE
  200	   7.36 	   7.06 	   6.17 	   5.98 
  400	   5.25 	   5.09 	   4.18 	   4.10 
  500	   4.68 	   4.55 	   3.74 	   3.69 
  800	   3.70 	   3.62 	   2.94 	   2.90 
 1000	   3.33 	   3.27 	   2.61 	   2.60 
 2000	   2.34 	   2.31 	   1.84 	   1.82 
 5000	   1.47 	   1.45 	   1.15 	   1.15 
10000	   1.05 	   1.04 	   0.82 	   0.81 
Coverage
  200	   0.92 	   0.94 	   0.93 	   0.94 
  400	   0.94 	   0.94 	   0.94 	   0.94 
  500	   0.94 	   0.95 	   0.94 	   0.94 
  800	   0.94 	   0.94 	   0.94 	   0.94 
 1000	   0.95 	   0.95 	   0.94 	   0.94 
 2000	   0.95 	   0.95 	   0.94 	   0.95 
 5000	   0.95 	   0.95 	   0.95 	   0.95 
10000	   0.95 	   0.95 	   0.95 	   0.95 


	 Simulation: Design 3

MSE
Group 	Linear_t 	Probit_t 	Linear_est 	Probit_est
  200	 107.90 	 184.18 	 105.09 	 116.68 
  400	  46.86 	  47.36 	  46.45 	  46.69 
  500	  38.58 	  38.79 	  38.01 	  38.10 
  800	  22.78 	  22.79 	  22.48 	  22.48 
 1000	  17.76 	  17.77 	  17.49 	  17.50 
 2000	   9.30 	   9.29 	   9.17 	   9.16 
 5000	   3.63 	   3.63 	   3.54 	   3.54 
10000	   1.77 	   1.77 	   1.73 	   1.73 
MAE
  200	  10.78 	  11.16 	  11.02 	  11.23 
  400	   7.43 	   7.46 	   7.47 	   7.49 
  500	   6.79 	   6.80 	   6.79 	   6.80 
  800	   5.28 	   5.28 	   5.26 	   5.25 
 1000	   4.68 	   4.68 	   4.65 	   4.65 
 2000	   3.39 	   3.39 	   3.38 	   3.38 
 5000	   2.12 	   2.12 	   2.10 	   2.10 
10000	   1.48 	   1.48 	   1.46 	   1.46 
Coverage
  200	   0.96 	   0.96 	   0.95 	   0.95 
  400	   0.96 	   0.96 	   0.95 	   0.95 
  500	   0.96 	   0.96 	   0.95 	   0.95 
  800	   0.96 	   0.96 	   0.95 	   0.95 
 1000	   0.96 	   0.96 	   0.95 	   0.95 
 2000	   0.95 	   0.95 	   0.95 	   0.95 
 5000	   0.95 	   0.95 	   0.95 	   0.95 
10000	   0.95 	   0.95 	   0.95 	   0.95 


	 Simulation: Design 4

MSE
Group 	Linear_t 	Probit_t 	Linear_est 	Probit_est
  200	6439.37 	320433.95 	5123.69 	39365.94 
  400	1034.09 	1424.85 	 729.90 	 813.82 
  500	 776.92 	 862.87 	 563.95 	 609.16 
  800	 434.99 	 450.69 	 318.93 	 343.06 
 1000	 359.97 	 365.36 	 260.69 	 260.47 
 2000	 171.33 	 167.36 	 120.54 	 118.00 
 5000	  64.86 	  61.72 	  44.29 	  42.89 
10000	  32.48 	  31.05 	  22.90 	  22.22 
MAE
  200	  68.75 	 110.27 	  61.47 	  76.27 
  400	  44.87 	  47.77 	  37.84 	  39.02 
  500	  39.43 	  41.09 	  33.58 	  34.42 
  800	  30.29 	  30.68 	  25.82 	  26.05 
 1000	  27.55 	  27.57 	  23.41 	  23.31 
 2000	  19.24 	  18.92 	  16.08 	  15.85 
 5000	  11.93 	  11.60 	   9.77 	   9.63 
10000	   8.49 	   8.26 	   7.10 	   6.97 
Coverage
  200	   0.95 	   0.91 	   0.94 	   0.91 
  400	   0.94 	   0.92 	   0.94 	   0.92 
  500	   0.95 	   0.93 	   0.95 	   0.93 
  800	   0.95 	   0.94 	   0.95 	   0.94 
 1000	   0.95 	   0.94 	   0.95 	   0.94 
 2000	   0.95 	   0.95 	   0.95 	   0.94 
 5000	   0.95 	   0.95 	   0.95 	   0.95 
10000	   0.95 	   0.95 	   0.95 	   0.95 


======================================================
	 Simulation for each parameter: Design 1

Mean
Group 	Dir1 	Ind1 	Dir2 	Ind2
  200	  19.56 	  10.11 	  28.44 	  15.04 
  400	  19.87 	   9.90 	  29.30 	  14.96 
  500	  19.83 	  10.05 	  29.62 	  14.93 
  800	  19.97 	   9.90 	  29.71 	  15.04 
 1000	  19.89 	   9.86 	  29.71 	  14.88 
 2000	  19.93 	  10.03 	  30.00 	  14.96 
 5000	  20.00 	   9.97 	  29.92 	  15.02 
10000	  19.97 	  10.02 	  30.01 	  14.97 
Med
  200	  19.59 	  10.91 	  29.57 	  15.17 
  400	  19.80 	  10.41 	  30.30 	  15.01 
  500	  19.83 	  10.36 	  30.28 	  14.96 
  800	  19.98 	  10.24 	  30.08 	  15.05 
 1000	  19.90 	  10.10 	  29.94 	  14.97 
 2000	  19.91 	  10.13 	  30.17 	  14.89 
 5000	  19.98 	  10.03 	  30.00 	  15.03 
10000	  19.97 	  10.03 	  30.00 	  14.98 
MSE
  200	 267.41 	 974.83 	1524.68 	 327.18 
  400	  56.00 	 213.54 	 394.99 	  77.24 
  500	  48.37 	 252.33 	 323.38 	  55.65 
  800	  22.93 	  86.10 	 149.97 	  29.03 
 1000	  18.22 	  67.54 	 117.18 	  22.75 
 2000	   8.64 	  30.90 	  53.93 	  10.74 
 5000	   3.35 	  12.00 	  20.64 	   4.05 
10000	   1.64 	   5.88 	  10.06 	   2.02 
Coverage
  200	   0.97 	   0.98 	   0.97 	   0.97 
  400	   0.97 	   0.97 	   0.97 	   0.97 
  500	   0.96 	   0.97 	   0.97 	   0.97 
  800	   0.96 	   0.96 	   0.97 	   0.97 
 1000	   0.96 	   0.96 	   0.96 	   0.96 
 2000	   0.95 	   0.96 	   0.96 	   0.95 
 5000	   0.95 	   0.95 	   0.95 	   0.96 
10000	   0.95 	   0.95 	   0.95 	   0.95 


	 Simulation for each parameter: Design 4

Mean
Group 	Dir1 	Ind1 	Dir2 	Ind2
  200	  19.80 	   9.82 	  29.00 	  14.99 
  400	  19.73 	  10.46 	  30.08 	  14.84 
  500	  19.87 	  10.05 	  29.79 	  14.94 
  800	  19.92 	   9.91 	  29.81 	  14.92 
 1000	  19.95 	   9.99 	  29.71 	  15.05 
 2000	  20.00 	   9.95 	  29.84 	  15.04 
 5000	  19.99 	   9.99 	  29.94 	  15.00 
10000	  19.99 	  10.00 	  29.99 	  15.00 
Med
  200	  20.19 	  11.19 	  33.94 	  14.52 
  400	  19.93 	  10.84 	  32.28 	  14.55 
  500	  20.12 	  10.39 	  31.36 	  14.79 
  800	  20.05 	  10.11 	  30.79 	  14.85 
 1000	  20.05 	  10.29 	  30.74 	  14.89 
 2000	  20.01 	  10.10 	  30.44 	  14.89 
 5000	  20.00 	  10.04 	  30.13 	  14.99 
10000	  19.99 	  10.01 	  30.03 	  14.98 
MSE
  200	 249.59 	1220.86 	3069.35 	 583.89 
  400	  49.16 	 200.53 	 398.22 	  81.99 
  500	  38.37 	 156.22 	 306.90 	  62.46 
  800	  21.90 	  86.90 	 173.52 	  36.61 
 1000	  17.44 	  71.56 	 142.63 	  29.07 
 2000	   8.17 	  33.48 	  65.52 	  13.38 
 5000	   3.06 	  12.14 	  24.06 	   5.03 
10000	   1.57 	   6.30 	  12.48 	   2.55 
Coverage
  200	   0.97 	   0.98 	   0.94 	   0.98 
  400	   0.97 	   0.97 	   0.94 	   0.97 
  500	   0.96 	   0.97 	   0.95 	   0.97 
  800	   0.96 	   0.96 	   0.95 	   0.96 
 1000	   0.96 	   0.96 	   0.95 	   0.96 
 2000	   0.95 	   0.95 	   0.95 	   0.96 
 5000	   0.95 	   0.95 	   0.95 	   0.95 
10000	   0.95 	   0.95 	   0.95 	   0.95 


	 Simulation for each parameter: Design 2,3

Mean
Group 	Dir1(des2) 	Ind2(des2) 	Dir1(des3) 	Ind2(des3)
  200	  20.24 	  15.19 	  19.30 	  14.47 
  400	  20.12 	  15.09 	  19.75 	  14.81 
  500	  20.10 	  15.08 	  19.87 	  14.90 
  800	  20.07 	  15.05 	  19.91 	  14.93 
 1000	  20.04 	  15.03 	  19.89 	  14.92 
 2000	  20.04 	  15.03 	  19.95 	  14.96 
 5000	  20.02 	  15.02 	  20.00 	  15.00 
10000	  20.01 	  15.01 	  20.00 	  15.00 
Med
  200	  20.67 	  15.51 	  18.95 	  14.22 
  400	  20.30 	  15.23 	  19.64 	  14.71 
  500	  20.24 	  15.18 	  19.65 	  14.73 
  800	  20.14 	  15.10 	  19.78 	  14.84 
 1000	  20.13 	  15.09 	  19.79 	  14.84 
 2000	  20.07 	  15.05 	  19.91 	  14.92 
 5000	  20.05 	  15.03 	  19.97 	  14.98 
10000	  20.01 	  15.01 	  19.99 	  14.99 
MSE
  200	  19.73 	  11.28 	  67.15 	  37.93 
  400	   9.01 	   5.16 	  29.71 	  16.74 
  500	   7.22 	   4.12 	  24.29 	  13.72 
  800	   4.44 	   2.53 	  14.37 	   8.10 
 1000	   3.51 	   2.01 	  11.19 	   6.30 
 2000	   1.73 	   0.99 	   5.86 	   3.30 
 5000	   0.68 	   0.39 	   2.26 	   1.28 
10000	   0.34 	   0.19 	   1.11 	   0.63 
Coverage
  200	   0.93 	   0.93 	   0.95 	   0.95 
  400	   0.94 	   0.94 	   0.95 	   0.95 
  500	   0.94 	   0.94 	   0.95 	   0.95 
  800	   0.94 	   0.94 	   0.95 	   0.95 
 1000	   0.94 	   0.94 	   0.95 	   0.95 
 2000	   0.95 	   0.94 	   0.95 	   0.95 
 5000	   0.95 	   0.95 	   0.95 	   0.95 
10000	   0.95 	   0.95 	   0.95 	   0.95 


======================================================
MSE
Group 	Design1 	Design2 	Design3 	Design4
  200	3094.09 	  31.01 	 105.09 	5123.69 
  400	 741.76 	  14.18 	  46.45 	 729.90 
  500	 679.73 	  11.34 	  38.01 	 563.95 
  800	 288.04 	   6.97 	  22.48 	 318.93 
 1000	 225.69 	   5.52 	  17.49 	 260.69 
 2000	 104.22 	   2.72 	   9.17 	 120.54 
 5000	  40.03 	   1.07 	   3.54 	  44.29 
10000	  19.59 	   0.53 	   1.73 	  22.90 
MAE
  200	  58.62 	   6.17 	  11.02 	  61.47 
  400	  37.05 	   4.18 	   7.47 	  37.84 
  500	  32.31 	   3.74 	   6.79 	  33.58 
  800	  24.53 	   2.94 	   5.26 	  25.82 
 1000	  21.95 	   2.61 	   4.65 	  23.41 
 2000	  15.07 	   1.84 	   3.38 	  16.08 
 5000	   9.44 	   1.15 	   2.10 	   9.77 
10000	   6.62 	   0.82 	   1.46 	   7.10 
Coverage
  200	   0.97 	   0.93 	   0.95 	   0.94 
  400	   0.97 	   0.94 	   0.95 	   0.94 
  500	   0.96 	   0.94 	   0.95 	   0.95 
  800	   0.96 	   0.94 	   0.95 	   0.95 
 1000	   0.96 	   0.94 	   0.95 	   0.95 
 2000	   0.95 	   0.94 	   0.95 	   0.95 
 5000	   0.95 	   0.95 	   0.95 	   0.95 
10000	   0.95 	   0.95 	   0.95 	   0.95 


======================================================
R
Group 	Design1 	Design2 	Design3 	Design4 	Design1 	Design2 	Design3 	Design4 
  200	   0.44 	   0.04 	   0.20 	   0.01 	   0.24 	   0.19 	   0.70 	   0.53 
  400	   0.13 	   0.04 	   0.27 	   0.16 	   0.12 	   0.09 	   0.25 	   0.19 
  500	   0.17 	   0.07 	   0.13 	   0.06 	   0.10 	   0.08 	   0.13 	   0.10 
  800	   0.03 	   0.04 	   0.08 	   0.08 	   0.07 	   0.05 	   0.09 	   0.07 
 1000	   0.11 	   0.12 	   0.05 	   0.05 	   0.04 	   0.03 	   0.11 	   0.08 
 2000	   0.07 	   0.04 	   0.00 	   0.04 	   0.04 	   0.03 	   0.05 	   0.04 
 5000	   0.00 	   0.02 	   0.01 	   0.00 	   0.02 	   0.02 	   0.00 	   0.00 
10000	   0.03 	   0.03 	   0.01 	   0.00 	   0.01 	   0.01 	   0.00 	   0.00 
VB
  200	   4.63 	  13.97 	   4.47 	  14.07 	   0.42 	   0.31 	   0.61 	   0.45 
  400	   4.67 	  13.94 	   4.70 	  14.32 	   0.18 	   0.14 	   0.28 	   0.21 
  500	   4.68 	  14.04 	   4.71 	  14.40 	   0.15 	   0.11 	   0.27 	   0.20 
  800	   4.70 	  14.05 	   4.69 	  14.32 	   0.08 	   0.06 	   0.14 	   0.10 
 1000	   4.57 	  13.82 	   4.75 	  14.38 	   0.07 	   0.05 	   0.07 	   0.05 
 2000	   4.64 	  13.98 	   4.78 	  14.39 	   0.02 	   0.01 	   0.03 	   0.02 
 5000	   4.66 	  13.98 	   4.79 	  14.39 	   0.00 	   0.00 	   0.04 	   0.03 
10000	   4.64 	  13.95 	   4.80 	  14.42 	   0.01 	   0.00 	   0.02 	   0.01 
