

====================================================== 04-May-2024 12:30:35 
	 Simulation: Design 1

MSE
Group 	Linear_t 	Probit_t 	Linear_est 	Probit_est
  200	3407.62 	2769414.49 	5112.91 	3511346.54 
  400	 964.92 	1693.89 	 850.77 	1268.34 
  800	 324.49 	 365.18 	 285.02 	 319.85 
 1000	 251.19 	 275.63 	 217.52 	 240.28 
 2000	 122.75 	 131.11 	 106.38 	 114.04 
 5000	  46.48 	  49.32 	  40.80 	  43.52 
MAE
  200	  59.30 	 117.16 	  58.75 	 116.07 
  400	  38.91 	  42.94 	  36.87 	  39.97 
  800	  26.16 	  27.42 	  24.51 	  25.74 
 1000	  23.17 	  24.11 	  21.59 	  22.53 
 2000	  16.29 	  16.79 	  15.22 	  15.70 
 5000	  10.17 	  10.42 	   9.50 	   9.77 
Coverage
  200	   0.98 	   0.95 	   0.97 	   0.94 
  400	   0.97 	   0.95 	   0.97 	   0.95 
  800	   0.96 	   0.95 	   0.96 	   0.95 
 1000	   0.96 	   0.94 	   0.96 	   0.95 
 2000	   0.95 	   0.94 	   0.95 	   0.94 
 5000	   0.95 	   0.95 	   0.95 	   0.94 


	 Simulation: Design 2

MSE
Group 	Linear_t 	Probit_t 	Linear_est 	Probit_est
  200	  45.14 	  42.25 	  31.73 	  30.04 
  400	  21.62 	  20.53 	  14.29 	  13.84 
  800	  10.95 	  10.50 	   6.74 	   6.59 
 1000	   8.88 	   8.54 	   5.46 	   5.38 
 2000	   4.43 	   4.29 	   2.73 	   2.68 
 5000	   1.76 	   1.71 	   1.03 	   1.02 
MAE
  200	   7.41 	   7.09 	   6.25 	   6.04 
  400	   5.17 	   5.01 	   4.21 	   4.13 
  800	   3.68 	   3.60 	   2.90 	   2.86 
 1000	   3.33 	   3.26 	   2.60 	   2.58 
 2000	   2.35 	   2.31 	   1.84 	   1.83 
 5000	   1.47 	   1.45 	   1.12 	   1.11 
Coverage
  200	   0.92 	   0.94 	   0.92 	   0.93 
  400	   0.94 	   0.94 	   0.94 	   0.94 
  800	   0.94 	   0.95 	   0.94 	   0.95 
 1000	   0.94 	   0.94 	   0.94 	   0.94 
 2000	   0.94 	   0.95 	   0.94 	   0.94 
 5000	   0.95 	   0.94 	   0.95 	   0.95 


	 Simulation: Design 3

MSE
Group 	Linear_t 	Probit_t 	Linear_est 	Probit_est
  200	  95.64 	 108.91 	 102.12 	 208.97 
  400	  47.94 	  48.39 	  47.42 	  47.67 
  800	  23.68 	  23.71 	  23.48 	  23.50 
 1000	  18.44 	  18.47 	  18.03 	  18.04 
 2000	   9.35 	   9.35 	   9.17 	   9.17 
 5000	   3.64 	   3.63 	   3.58 	   3.58 
MAE
  200	  10.51 	  10.77 	  10.83 	  11.24 
  400	   7.56 	   7.59 	   7.56 	   7.57 
  800	   5.40 	   5.40 	   5.39 	   5.39 
 1000	   4.75 	   4.76 	   4.71 	   4.71 
 2000	   3.40 	   3.40 	   3.37 	   3.37 
 5000	   2.14 	   2.14 	   2.12 	   2.12 
Coverage
  200	   0.97 	   0.97 	   0.95 	   0.95 
  400	   0.96 	   0.96 	   0.95 	   0.95 
  800	   0.96 	   0.96 	   0.95 	   0.95 
 1000	   0.96 	   0.96 	   0.95 	   0.95 
 2000	   0.95 	   0.95 	   0.95 	   0.95 
 5000	   0.95 	   0.95 	   0.95 	   0.95 


	 Simulation: Design 4

MSE
Group 	Linear_t 	Probit_t 	Linear_est 	Probit_est
  200	2780.80 	25786.63 	2314.72 	23142.52 
  400	1005.22 	1439.47 	 745.91 	 853.39 
  800	 430.51 	 451.21 	 319.24 	 327.54 
 1000	 353.72 	 363.74 	 252.02 	 255.67 
 2000	 170.19 	 167.81 	 119.23 	 117.04 
 5000	  62.43 	  60.47 	  44.69 	  43.41 
MAE
  200	  66.37 	  83.75 	  59.14 	  72.63 
  400	  44.20 	  46.90 	  37.91 	  39.51 
  800	  30.28 	  30.75 	  25.92 	  26.19 
 1000	  27.54 	  27.63 	  23.14 	  23.18 
 2000	  19.19 	  18.95 	  16.04 	  15.84 
 5000	  11.71 	  11.47 	   9.87 	   9.72 
Coverage
  200	   0.95 	   0.91 	   0.93 	   0.90 
  400	   0.95 	   0.93 	   0.94 	   0.93 
  800	   0.95 	   0.94 	   0.95 	   0.94 
 1000	   0.95 	   0.95 	   0.95 	   0.94 
 2000	   0.95 	   0.95 	   0.95 	   0.95 
 5000	   0.95 	   0.95 	   0.95 	   0.95 


======================================================
	 Simulation for each parameter: Design 1

Mean
Group 	Dir1 	Ind1 	Dir2 	Ind2
  200	  19.44 	  10.24 	  28.69 	  14.80 
  400	  19.77 	  10.07 	  29.59 	  14.83 
  800	  19.96 	   9.91 	  29.66 	  15.03 
 1000	  19.94 	   9.95 	  29.69 	  15.00 
 2000	  19.90 	  10.03 	  29.92 	  14.92 
 5000	  19.97 	  10.03 	  29.99 	  14.99 
Med
  200	  19.57 	  11.20 	  30.62 	  14.98 
  400	  19.84 	  10.46 	  30.37 	  14.98 
  800	  19.91 	  10.14 	  29.89 	  15.11 
 1000	  19.89 	  10.17 	  29.90 	  15.08 
 2000	  19.90 	  10.01 	  30.03 	  14.96 
 5000	  19.97 	  10.05 	  30.04 	  15.00 
MSE
  200	 438.06 	1994.85 	2279.13 	 400.87 
  400	  57.94 	 261.55 	 455.40 	  75.88 
  800	  22.95 	  86.13 	 147.04 	  28.90 
 1000	  17.66 	  64.34 	 113.38 	  22.14 
 2000	   8.56 	  31.67 	  55.55 	  10.61 
 5000	   3.41 	  12.04 	  21.19 	   4.17 
Coverage
  200	   0.97 	   0.98 	   0.97 	   0.98 
  400	   0.97 	   0.97 	   0.97 	   0.97 
  800	   0.96 	   0.96 	   0.97 	   0.97 
 1000	   0.96 	   0.96 	   0.96 	   0.96 
 2000	   0.96 	   0.95 	   0.95 	   0.96 
 5000	   0.95 	   0.95 	   0.95 	   0.95 


	 Simulation for each parameter: Design 4

Mean
Group 	Dir1 	Ind1 	Dir2 	Ind2
  200	  19.60 	   9.76 	  29.22 	  14.63 
  400	  19.85 	   9.82 	  29.48 	  14.91 
  800	  19.90 	  10.06 	  29.88 	  14.97 
 1000	  19.96 	   9.93 	  29.71 	  15.01 
 2000	  19.99 	   9.91 	  29.77 	  15.03 
 5000	  19.99 	  10.01 	  30.00 	  14.99 
Med
  200	  20.11 	  10.98 	  33.63 	  14.24 
  400	  20.08 	  10.37 	  31.73 	  14.67 
  800	  20.02 	  10.43 	  30.88 	  14.86 
 1000	  20.02 	  10.07 	  30.47 	  14.92 
 2000	  20.05 	  10.09 	  30.24 	  14.96 
 5000	  20.03 	  10.01 	  30.10 	  15.00 
MSE
  200	 154.33 	 653.39 	1254.68 	 252.32 
  400	  48.43 	 205.49 	 411.33 	  80.66 
  800	  21.46 	  88.13 	 174.76 	  34.89 
 1000	  17.16 	  69.59 	 137.38 	  27.89 
 2000	   8.05 	  32.85 	  64.97 	  13.36 
 5000	   3.04 	  12.25 	  24.40 	   5.01 
Coverage
  200	   0.97 	   0.98 	   0.93 	   0.98 
  400	   0.97 	   0.97 	   0.94 	   0.97 
  800	   0.96 	   0.96 	   0.95 	   0.97 
 1000	   0.96 	   0.96 	   0.95 	   0.96 
 2000	   0.95 	   0.96 	   0.95 	   0.96 
 5000	   0.95 	   0.96 	   0.95 	   0.95 


	 Simulation for each parameter: Design 2,3

Mean
Group 	Dir1(des2) 	Ind2(des2) 	Dir1(des3) 	Ind2(des3)
  200	  20.29 	  15.21 	  19.31 	  14.49 
  400	  20.16 	  15.12 	  19.80 	  14.86 
  800	  20.09 	  15.07 	  19.87 	  14.90 
 1000	  20.06 	  15.05 	  19.92 	  14.94 
 2000	  20.05 	  15.04 	  19.95 	  14.97 
 5000	  20.02 	  15.01 	  20.00 	  15.00 
Med
  200	  20.71 	  15.53 	  19.12 	  14.31 
  400	  20.37 	  15.29 	  19.60 	  14.74 
  800	  20.19 	  15.15 	  19.76 	  14.83 
 1000	  20.13 	  15.11 	  19.80 	  14.87 
 2000	  20.08 	  15.07 	  19.90 	  14.94 
 5000	  20.03 	  15.02 	  19.98 	  14.99 
MSE
  200	  20.21 	  11.52 	  65.38 	  36.74 
  400	   9.10 	   5.19 	  30.30 	  17.12 
  800	   4.28 	   2.45 	  15.01 	   8.47 
 1000	   3.48 	   1.98 	  11.52 	   6.51 
 2000	   1.74 	   0.99 	   5.86 	   3.31 
 5000	   0.65 	   0.37 	   2.29 	   1.30 
Coverage
  200	   0.92 	   0.92 	   0.95 	   0.95 
  400	   0.94 	   0.94 	   0.95 	   0.95 
  800	   0.95 	   0.94 	   0.95 	   0.95 
 1000	   0.95 	   0.94 	   0.95 	   0.95 
 2000	   0.94 	   0.94 	   0.95 	   0.95 
 5000	   0.95 	   0.95 	   0.95 	   0.95 


======================================================
MSE
Group 	Design1 	Design2 	Design3 	Design4
  200	5112.91 	  31.73 	 102.12 	2314.72 
  400	 850.77 	  14.29 	  47.42 	 745.91 
  800	 285.02 	   6.74 	  23.48 	 319.24 
 1000	 217.52 	   5.46 	  18.03 	 252.02 
 2000	 106.38 	   2.73 	   9.17 	 119.23 
 5000	  40.80 	   1.03 	   3.58 	  44.69 
MAE
  200	  58.75 	   6.25 	  10.83 	  59.14 
  400	  36.87 	   4.21 	   7.56 	  37.91 
  800	  24.51 	   2.90 	   5.39 	  25.92 
 1000	  21.59 	   2.60 	   4.71 	  23.14 
 2000	  15.22 	   1.84 	   3.37 	  16.04 
 5000	   9.50 	   1.12 	   2.12 	   9.87 
Coverage
  200	   0.97 	   0.92 	   0.95 	   0.93 
  400	   0.97 	   0.94 	   0.95 	   0.94 
  800	   0.96 	   0.94 	   0.95 	   0.95 
 1000	   0.96 	   0.94 	   0.95 	   0.95 
 2000	   0.95 	   0.94 	   0.95 	   0.95 
 5000	   0.95 	   0.95 	   0.95 	   0.95 


======================================================
R
Group 	Design1 	Design2 	Design3 	Design4 	Design1 	Design2 	Design3 	Design4 
  200	   0.56 	   0.20 	   0.40 	   0.37 	   0.29 	   0.21 	   0.69 	   0.51 
  400	   0.23 	   0.17 	   0.15 	   0.09 	   0.16 	   0.12 	   0.20 	   0.14 
  800	   0.04 	   0.03 	   0.10 	   0.03 	   0.09 	   0.07 	   0.13 	   0.10 
 1000	   0.06 	   0.00 	   0.04 	   0.01 	   0.06 	   0.05 	   0.08 	   0.06 
 2000	   0.10 	   0.08 	   0.01 	   0.03 	   0.05 	   0.04 	   0.05 	   0.03 
 5000	   0.03 	   0.01 	   0.01 	   0.01 	   0.02 	   0.01 	   0.00 	   0.00 
VB
  200	   5.19 	  14.41 	   4.33 	  13.96 	   0.39 	   0.29 	   0.61 	   0.45 
  400	   4.72 	  14.04 	   4.56 	  14.18 	   0.15 	   0.11 	   0.35 	   0.26 
  800	   4.66 	  14.01 	   4.74 	  14.41 	   0.06 	   0.04 	   0.10 	   0.07 
 1000	   4.64 	  13.94 	   4.72 	  14.31 	   0.06 	   0.05 	   0.09 	   0.06 
 2000	   4.60 	  13.89 	   4.75 	  14.36 	   0.01 	   0.00 	   0.03 	   0.02 
 5000	   4.67 	  13.98 	   4.80 	  14.42 	   0.01 	   0.01 	   0.03 	   0.02 
